Population	BT-M91*	D1	E	C-M130*	C1b3b-M347* (xDYS390.1del.M210)	F-M89*	G-M201	H	J-P209	K-M9*	K2-M526* (xS-P308)	L-M20	NO1 (K1a1)-M214*	O (K1a1b)-M175*	O1a-M119*	O1a1a-P203	O1a2-M110=M50	O1b-M268=P31*	O1b1a1a1a1a1-M88	O2-M122*	O2a-M324*	O2a2-P201	O2a2b-P164	S1a1a1-P308	S1a1b-M230*	S1a2-P79	M (K2b1b)-P256*	M1-M4=M186*	M1a-P34*	M2-M353*	M3-P117	P-M45*	Q-M242	R1-M173	I-M258	R2
Solomon_Austronesian	0	0	0	16.447	0	0	0	0	0	5.921	0	0	0	0	2.632	0	5.263	0	0	0.658	8.991	0	0	0	2.412	5.921	1.316	0	13.596	24.561	12.281	0	0	0	0	0
Solomon_Papuan	0	0	0	10.377	0	0	0	0	0	9.434	0	0	0	0	0	0	1.887	0	0	0.943	5.660	0	0	0	0	2.830	2.830	0	8.491	42.453	15.094	0	0	0	0	0
Polynesian outliers	0	0	0	25.333	0	0	0	0	0	1.333	0	0	0	0	0	0	4.667	0	35.333	0	31.333	0	0	0	0	1.333	0	0	0	0.667	0	0	0	0	0	0
West New Guinea	0	0	0	16.757	0	0	0	0	0	5.405	0	0	0	0	0	0	0	0	0	0	0.541	0	0	0	1.622	0	0	3.243	72.432	0	0	0	0	0	0	0
Papua New Guinea	0	0	0	7.292	0	0	0	0	0	8.854	0	0	0	0	3.125	0	5.208	0	0	0	8.854	0	0	0	23.438	1.042	0	1.042	40.625	0	0	0.521	0	0	0	0
Bismarck Archipelago	0	0	0	6.039	0	0	0	0	0	22.331	0	0	0	1.124	1.966	0	3.652	0	0	2.388	0.140	0	0	0	8.567	17.416	0	2.809	25.421	0	8.006	0.140	0	0	0	0
Bougainville	0	0	0	1.408	0	5.634	0	0	0	33.803	0	0	0	2.817	9.859	0	0	0	0	1.408	0	0	0	0	1.408	4.225	0	0	38.028	0	1.408	0	0	0	0	0
Fiji	0	0	0	21.782	0	0.990	0	0	0	12.871	0	0	0.990	0	4.950	0	0.990	0	0	0	6.931	0	0	0	0	10.891	0	0	31.683	3.960	1.980	0	0	1.980	0	0
Polynesia	0.313	0	0	41.250	0	1.875	0	0	0	2.813	0	0	0	0	0.625	0	0.313	0	1.250	0	30.000	0.625	0.938	0	0.313	13.125	0	0	3.438	0.313	0.313	0	0	2.500	0	0
Marquesas Is.	0	0	0	66.667	0	0	0	0	0	11.5942029	0	0	0	7.246376812	0	0	0	0	0	0	5.797	0	8.695652174	0	0	0	0	0	0	0	0	0	0	0	0	0
Leeward Society Is.	0	0	0	66.66666667	0	0	0	0	0	0	0	0	0	0	6.944444444	0	0	0	0	0	5.555555556	0	11.11111111	0	0	9.722222222	0	0	0	0	0	0	0	0	0	0
Kiritimati	0	0	0.61	13.5	0	0	0	0	0	0	0	0	0	11.66	0	0	0	0	0	0	2.45	0	69.94	0	0	0	0	0	0	0	0	0	0	1.23	0.61	0
YAMI	0	0	0	0	0	0	0	0	0	0	0	0	0	0	25.000	66.667	0	0	0	0	4.167	0	0	0	0	0	0	0	0	0	0	4.166666667	0	0	0	0
AMI	0	0	0	0	0	0	0	0	0	0	0	0	0	8.333333333	4.167	25.000	16.667	0	0	0	0	16.66666667	29.16666667	0	0	0	0	0	0	0	0	0	0	0	0	0
Aboriginal Australians	0	0	0	1.712	41.78082192	0	0	0	0	0	27.05479452	0	0	0	0	0	0	0	0	0	0	0	0	27.39726027	0	0	0	2.054794521	0	0	0	0	0	0	0	0
IDN_Sumatra-Semende	0	0	0	0	0	0	0	0	0	0	0	0	0	3	0	0	5	73.000	0	19	0	0	0	0	0	0	0	0	0	0	0	0	0	0	0	0
IDN_Sumatra-Besemah	0	0	0	0	0	0	0	0	0	0	0	0	0	5	0	0	8	71.000	0	16	0	0	0	0	0	0	0	0	0	0	0	0	0	0	0	0
THL-AA	0	0.560	0	3.038	0	0.544	0	1.374	2.408	1.339	0	0.565	3.454	0	1.080	1.342	0.261	49.697	9.140	0.256	0.795	4.297	13.992	0	0	0	0	0	0	0	0	0	0.789	3.462	0	1.606
THL-ST	0	7.102	0	0	0	0	16.667	0	0	0	0	0	4.878	0	2.296	0	0	30.870	2.296	0	0	4.878	31.014	0	0	0	0	0	0	0	0	0	0	0	0	0
THL-TK	0	2.740	0.183	2.873	0	0.600	0	1.557	1.204	0.197	0	0.197	2.116	0.208	3.968	0.980	1.158	33.397	13.402	0.417	3.322	8.464	18.345	0	0	0	0	0	0	0	0	0	0.380	3.334	0	0.959
PHL-Negrito	0	0	0	8.900	0	0	0	0	0	32.2	0	0	0.6	0.6	18.900	0	9.4	2.200	0	21.1	0	5.6	0.6	0	0	0	0	0	0	0	0	0	0	0	0	0
PHL-Non-Negrito	0	0	0	7.100	0	0	0	0	0	8.1	0	0	2.9	1.4	43.300	0	20	1.400	0	11.4	0	3.8	0	0	0	0	0	0	0	0	0	0.5	0	0	0	0
Philippines_Trejaut et al.	0	0	0	0	0	1.37	0.68	0.68	0.68	6.85	0	0.68	5.47	0.68	17.12	13.70	11.64	2.050	3.42	0	5.470	4.10	21.23	0	0	0	0	0	0	0	0	0	0	4.09	0	0
IDN-Kalimantan	0	0	0	0	0	0	0	0	0	4.00	0	0	0	0	0	36.00	0	16.000	0	0	4.000	8.00	28.00	0	0	0	0	0	0	0	0	0	0	4.00	0	0
IDN-Sumatra	0	0	0	3.85	0	0	0	0	0	0	0	0	3.85	0	0	15.38	7.69	19.230	0	0	11.540	19.24	19.23	0	0	0	0	0	0	0	0	0	0	0	0	0
IDN-Java	0	0	0	2.84	0	4.96	0	0	0.71	3.55	0	0	0	0	3.55	13.48	6.38	36.170	4.96	0	5.680	12.06	3.55	0	0	0	0	0	0	0	0	0	0	0.71	0	1.42
IDN-East	0	0	0	0	0	2.22	0	0	0	2.22	0	0	0	0	13.33	13.33	8.89	24.440	0	2.22	2.220	4.44	22.22	0	0	0	0	0	0	0	0	0	0	0	0	4.44
Malaysia	0	0	0	0	0	0	0	0	0	12.50	0	12.50	0	0	0	0	25.00	25.000	0	0	0	12.50	12.50	0	0	0	0	0	0	0	0	0	0	0	0	0
Thailand_Trejaut et al.	0	2.94	0	0.98	0	2.94	0	2.94	1.96	2.94	0	1.96	0	0	1.96	1.96	0	19.610	19.61	0.98	2.940	4.90	14.70	0	0	0	0	0	0	0	0	0	14.71	1.96	0	0
Vietnam (Hanoy)	0	4.17	0	8.33	0	0	0	0	0	0	0	0	8.33	0	4.17	0	0	12.500	25.00	0	4.170	16.67	16.67	0	0	0	0	0	0	0	0	0	0	0	0	0
China Han Fujian	0	0	0	10.91	0	0	0	0	0	0	0	0	0	1.82	0	21.82	0	5.460	0	3.64	30.900	5.46	20.01	0	0	0	0	0	0	0	0	0	0	0	0	0
TWN-Han	0	0.28	0	3.98	0	0	0	0	0	0.28	0	0	5.11	0	1.42	14.20	0.28	10.800	1.70	2.27	17.040	6.82	34.94	0	0	0	0	0	0	0	0	0	0.28	0.56	0	0
TWN-Plain tribes	0	0	0	1.08	0	0	0	0	0	0	0	0	2.97	0.27	2.43	29.73	8.65	7.572	0.54	2.16	15.135	5.41	23.51	0	0	0	0	0	0	0	0	0	0	0.54	0	0
TWN-Yami_Trejaut et al.	0	0	0	0	0	0	0	0	0	0	0	0	0	0	33.33	50.00	0	10.000	3.33	0	3.330	0	0	0	0	0	0	0	0	0	0	0	0	0	0	0
TWN-Ami_Trejaut et al.	0	0	0	0	0	0	0	0	0	2.56	0	0	0	0	0	41.03	17.95	0	0	0	0	0	35.90	0	0	0	0	0	0	0	0	2.56	0	0	0	0
TWN-South MtA	0	0	0	0	0	0	0	0	0	0.68	0	0	0	0	14.38	49.32	17.81	2.055	0.68	0.68	0.684	0.69	12.33	0	0	0	0	0	0	0	0	0.68	0	0	0	0
TWN-North and South MtA	0	0	0	0	0	0	0	0	0	0.28	0	0	0	0	7.89	59.15	18.31	0.845	6.20	0.28	0.563	0.28	5.63	0	0	0	0	0	0	0	0	0.56	0	0	0	0
Manua	0	0	0	61.905	0.000	0.000	0.000	0.000	0.000	4.762	0.000	0.000	0.000	0.000	4.762	0.000	0.000	0.000	0.000	4.762	0.000	0.000	19.048	0.000	4.762	0.000	0.000	0.000	0.000	0.000	0.000	0.000	0.000	0.000	0	0
Tutuila	0	0	0	33.333	0.000	0.000	0.000	0.000	0.000	0.000	0.000	0.000	0.000	0.000	0.000	0.000	0.000	0.000	0.000	0.000	4.167	4.167	33.333	0.000	8.333	16.667	0.000	0.000	0.000	0.000	0.000	0.000	0.000	0.000	0	0
W. Samoa	0	0	0	60.656	0.000	0.000	0.000	0.000	0.000	0.000	0.000	0.000	0.000	0.000	0.000	0.000	0.000	0.000	0.000	0.000	0.000	0.000	26.230	0.000	4.918	8.197	0.000	0.000	0.000	0.000	0.000	0.000	0.000	0.000	0	0
Tonga	0	0	0	21.154	0.000	1.923	0.000	0.000	0.000	0.000	0.000	0.000	0.000	0.000	0.000	0.000	0.000	0.000	0.000	0.000	0.000	0.000	53.846	0.000	21.154	1.923	0.000	0.000	0.000	0.000	0.000	0.000	0.000	0.000	0	0
Samoa-Delfin	0.000	0.000	0.000	59.677	0.000	3.226	0.000	0.000	0.000	0.000	0.000	0.000	0.000	0.000	3.226	0.000	0.000	0.000	1.613	0.000	14.51612903	3.226	4.839	0.000	1.612903226	3.226	0.000	0.000	3.225806452	0.000	0.000	0.000	0.000	1.613	0	0
Tonga-Delfin	0.000	0.000	0.000	35.714	0.000	3.571	0.000	0.000	0.000	0.000	0.000	0.000	0.000	0.000	0.000	0.000	0.000	0.000	0.000	0.000	42.85714286	0.000	0.000	0.000	0.000	3.571	0.000	0.000	14.28571429	0.000	0.000	0.000	0.000	0.000	0	0
